0.98538	0.21377	0.82291	0.90799	1.1046
0.76731	0.26504	0.77012	0.86937	0.87367
0.68187	0.6768	0.89651	0.46745	0.92889
0.84279	0.57432	0.85588	0.31765	0.7301
0.73726	0.63511	1.0773	0.35465	0.89794
1.1555	0.79206	0.97163	0.40247	0.92605
1.0417	0.81227	0.98442	0.48176	0.97184
0.97511	0.19247	0.94579	1.0583	0.76656
0.78936	0.13882	1.1062	0.76086	0.73833
1.1231	0.17812	0.84984	0.80363	0.74689
1.1015	0.47848	1.0701	0.70291	1.1394
1.0181	0.33888	0.86515	0.60925	1.226
1.1916	0.38348	0.81855	0.76103	0.84822
1.0011	0.30351	0.49242	0.77199	0.89514
0.96532	0.20686	0.67994	0.72021	1.0142
0.91944	0.22213	0.64123	0.78559	1.091
0.98046	0.1137	1.138	0.50325	0.77237
1.0145	0.067795	0.94049	0.4885	0.77782
0.46385	0.67339	1.1256	0.40007	0.9107
0.61015	0.60387	0.8725	0.29758	1.1403
1.073	0.45709	0.75974	0.59375	1.0325
0.85922	0.95505	1.1613	0.86175	0.985
0.74963	0.87862	0.88807	0.84674	0.92728
0.82812	0.34941	0.82002	0.66605	0.76093
0.94115	0.65864	1.0114	0.61217	1.0368
0.91771	0.6571	1.0464	0.55229	1.2314
0.98362	0.34792	1.0184	0.87925	1.0013
1.1064	0.55398	1.0066	0.90247	0.93813
0.83645	0.43916	0.87582	0.33942	1.1642
0.8641	0.52408	0.86392	0.41036	1.086
1.0493	0.76478	0.92258	0.31373	0.89482
0.93903	0.52249	0.85689	0.34718	1.1174
0.96334	0.50832	0.68445	0.41405	1.1364
0.38212	0.38041	0.85561	0.6326	0.85937
0.37831	0.33631	0.8582	0.41669	0.71669
0.88132	0.49909	1.0846	0.7298	1.1991
0.95885	0.6333	0.72511	0.81231	0.95349
0.8584	0.1816	0.83848	0.82482	0.99868
1.1779	0.14448	1.0276	0.79882	0.9514
1.0207	0.091817	0.92812	0.64407	0.82714
1.0435	0.10392	0.83935	0.50808	0.69087
1.0617	0.25557	1.0864	0.66921	1.086
0.98005	0.20897	1.1064	0.6734	0.8692
0.93491	0.14087	1.0316	0.79979	1.1127
0.81358	0.60872	1.0536	0.86585	1.0287
0.98581	0.80585	1.0193	0.67469	0.81118
0.91498	0.51671	1.0396	0.85546	1.0253
1.0641	0.42203	0.846	0.34874	0.95995
0.82881	0.49654	0.89703	0.56435	1.0853
1.0624	0.33943	0.79339	0.5613	0.80334
1.0791	0.3811	0.82044	0.38635	1.0286
0.96182	0.3404	0.92655	0.31114	1.1242
1.0574	0.49176	1.1378	0.95972	1.0742
0.97191	0.18031	1.0161	0.51186	0.99338
0.77308	0.59617	1.0347	0.74545	0.82046
0.84115	0.52287	1.0828	0.72368	1.0025
0.84117	0.438	0.88922	0.53676	0.89955
0.85426	0.46638	0.69302	0.71369	0.89884
0.82595	0.53833	0.97143	0.50469	0.98507
0.76875	0.63187	0.87108	0.55611	0.91473
0.72463	0.57729	0.98652	0.47136	0.92685
0.82077	0.60217	0.91019	0.48389	1.0537
0.7469	0.59623	0.9787	0.29108	1.1161
0.75657	0.56405	0.92492	0.45501	0.75908
0.67306	0.37279	1.0027	0.77086	0.64402
0.78283	0.37279	1.0597	0.60979	0.71526
0.7788	0.30387	0.94573	0.39343	0.60126
1.043	0.35522	1.0791	0.53948	0.65509
1.0719	0.31482	1.1238	0.75433	1.1366
1.0851	0.18033	0.95306	0.67473	0.88977
1.0926	0.30952	0.89168	0.62307	0.95128
1.083	0.24414	0.87795	0.43368	0.87455
1.0571	0.14994	0.94662	0.62519	0.91225
1.0524	0.20829	1.1789	0.56208	1.0952
0.96474	0.22164	0.99314	0.46803	1.1021
1.0696	0.18053	1.2052	0.7371	0.95443
0.9547	0.18967	0.9879	0.42837	0.99279
0.9792	0.12352	1.0999	0.60728	0.99062
0.9037	0.16855	1.1379	0.3014	0.8657
0.96475	0.14492	1.0503	0.55885	0.9975
1.0236	0.46683	1.1725	0.81924	1.0332
1.1848	0.87129	0.85734	0.33418	0.62695
0.98248	0.60191	0.97516	0.60101	0.96551
0	0	0.92983	0.69182	1.0031
0.88542	0.027603	0.99982	0.22204	1.0334
0.70737	0.015355	1.1103	0.42517	1.0185
0.99734	0.061754	0.83803	0.26079	1.0226
0.73461	0.054236	0.74129	0.39623	0.96845
0.71582	0.046467	1.0315	0.36585	0.8758
0.76907	0.046176	1.0013	0.47084	1.063
0.94499	0.046821	0.82939	0.45919	0.9959
0.92128	0.062746	1.0731	0.46625	1.0455
0.87935	0.050504	1.2132	0.55362	1.0294
0.94025	0.054546	0.84348	0.71902	0.93533
1.0227	0	0.92419	0.014565	1.3539
0.9873	0	0.89228	0.058577	0.92827
1.0261	0	1.167	0.012557	1.0732
0.97757	0	0.93305	0.0079979	0.99365
0.86926	0	0.93206	0.031572	0.89269
0.96896	0.18344	0.83455	0.29797	0.96245
0.050359	0	0.8753	0.37453	1.1215
0.58688	0.45822	0.94395	0.65311	0.98819
0	0.29968	1.0527	1.0883	0.98641
1.0898	0.49877	0.89003	0.52123	0.92385
0.97176	0.56997	0.99721	0.76631	0.7612
1.4521	0.6022	1.0131	0.54878	1.0571
1.1471	0.56269	0.89528	0.37472	0.92649
0.99534	0.50983	1.18	0.36852	0.97928
0.9927	0.44571	0.93509	0.27117	0.78185
1.0392	0.55532	0.9053	0.77081	1.1172
1.013	0.64914	0.99635	0.75035	1.1711
0.80233	1.0995	1.0253	0.73597	0.93691
0.88667	1.1173	0.89525	0.55948	0.80607
0.77748	0.35677	0.97771	0.42773	0.96046
0.92571	0.39014	0.90173	0.41832	0.90972
0.84347	0.17339	1.0277	0.62923	0.96884
0.14934	0	1.1165	0.45305	1.0521
1.0207	0.45514	1.1239	0.75775	0.72374
0.12556	0.36496	1.1199	0.50315	0.73585
0.96522	0.29187	0.78786	0.41305	0.83501
0.10372	0	0.5131	0.46233	0.78553
0.96897	0.19042	0.96563	0.7257	1.0213
0.96816	0.1694	0.98374	0.68	1.0635
1.1232	0.16673	1.0601	0.69809	0.86138
0.94044	0.20321	0.75925	0.71852	1.1166
0.86911	0.23661	0.79136	0.64688	0.99543
0.96847	0.3075	0.84229	0.58576	0.83616
0.90063	0.31667	1.0772	0.73931	0.87344
0.96966	0.3256	1.1123	0.73087	1.1536
0.99976	0.37391	1.0491	0.60513	0.95918
1.0326	0.40788	0.96899	0.69942	0.95589
1.0011	0	0.87173	0.5306	1.2214
1.1259	0	1.1186	0.62028	0.92055
1.0926	0	0.97556	0.78152	0.99081
1.0741	0	1.0703	0.72224	0.99102
0.88379	0	1.0192	0.61099	1.3587
0.57524	1.1605	0	0.12449	0.12814
0.70372	0.86596	0	0.10326	0.099091
0.53882	0.65811	0.87055	0.66189	0.86383
0.53193	0.72347	1.0014	0.85318	0.85452
0.58548	0.67032	0.96033	0.79163	0.7879
0.56905	0.58625	0.91022	0.88483	0.94606
0.57122	0.72055	1.1813	0.86153	0.79297
0.58937	0.5944	1.0939	0.93739	0.78909
0.6474	0.55636	1.0369	0.83199	0.89576
0.49477	0.6615	1.0558	0.96732	0.86535
0.5304	0.6283	0.85309	0.97804	0.85525
0.57051	0	0.87632	1.0905	0.01434
0.54919	0	0.78794	0.92338	0.0014001
0.49634	0	0.85846	0.81924	0.0060418
0.48753	0	1.0513	0.8469	0.0004273
0.62744	0	1.0705	0.70073	0.0003727
0.48655	0	1.2668	0.96583	2.03e-05
0.45013	0	1.1045	0.91498	0
0.3555	0	0.96003	0.87775	0
0.45827	0	1.1099	1.1173	0
1.1739	0.42578	0.97683	0.76539	1.1358
1.0403	0.58346	0.96744	0.66193	0.8839
1.0151	0.54106	0.90742	0.54705	0.74655
1.1114	0.4807	0.88826	0.32317	0.72971
1.2154	0.54009	1.0599	0.31389	0.86085
1.0361	0.52445	0.36258	0.57278	0.17791
1.2656	0.6471	0.14624	0.30454	0.036808
1.0502	0.59209	0.030103	0.36493	0.0013467
1.1365	0.65775	0.0055369	0.26846	0
0.95879	0.45163	0.87631	0.68899	0.1738
0.86307	0.55983	0.82551	0.35563	0.020255
0.97492	0.56244	0.86657	0.27146	0.019799
1.1247	0.53717	0.94943	0.21823	0.0029313
0.98458	0.49721	0.97533	0.69287	1.0551
0.22692	0.33715	1.0521	0.80647	0.20926
0.073127	0.28475	1.0646	0.46487	0.01716
0.047133	0.25293	1.0654	0.33126	0.002416
0.67971	0.41949	0.92111	0.79812	0.90291
0.74362	0.2734	0.71177	0.70417	0.96872
0.7178	0.28164	0.68798	0.83468	1.1835
0.95295	0.31712	0.56905	0.62981	0.87114
0.73312	0.37074	0.57286	0.73479	1.1641
0.72678	0.4491	0.58945	0.82478	1.1836
1.0297	0.45228	0.93395	0.86476	0.82633
1.0004	0.43447	0.9718	0.76562	1.0318
0.96988	0.38301	1.0025	0.80764	1.1347
0.80656	0.28953	0.80148	0.85262	0.93519
1.0151	0.27935	0.72324	0.87537	0.97811
0.85234	0.20312	0.77881	0.88324	1.1247
0.74758	0.28004	0.68093	0.68852	0.93023
0.93615	0.30361	0.67665	0.84062	0.82351
0.80205	0.20813	0.74967	0.86033	1.0302
0.63831	0.22483	0.6088	0.84239	0.91608
0.76429	0.25086	0.87108	0.7617	0.97237
0.75977	0.22515	0.59995	0.74609	0.85588
0.82397	0.28377	0.53365	0.87001	0.93574
0.77425	0.25011	0.74782	0.78589	1.0017
0.76026	0.25954	0.64737	0.76811	0.90131
0.70905	0.30571	0.52607	0.7636	0.95261
0.8121	0.1921	0.70989	0.77982	0.93345
0.65883	0.27764	0.58216	0.68448	1.1504
1.1446	0.48905	1.0049	0.87626	0.98544
1.008	0.48553	1.0525	0.69061	0.99885
0.95584	0.41014	0.89209	0.82305	0.98281
0.82873	0.19691	0.89781	0.61045	0.77251
0.8792	0.23012	0.9761	0.75573	0.79115
0.8371	0.23229	0.90044	0.71676	0.84346
1.0699	0.13667	1.1277	0.48195	0.83435
0.859	0.11871	1.0242	0.52757	0.83627
1.0546	0.16084	0.95057	0.43931	0.82399
1.0445	0.55008	0.88568	0.75527	0.93168
0.98155	0.44768	0.94679	0.75056	1.1378
1.2426	0.5266	0.84217	0.83811	1.0441
0.98916	0.030502	0.93248	0.97039	0.9645
1.005	0.0089634	1.0537	1.0304	0.69037
0.9196	0.040011	1.1525	0.91447	0.79306
0.97622	0	1.178	0.99144	0.78074
1.0536	0	0.93904	1.1266	0.76026
1.1898	0	0.92077	0.91554	0.99146
0.99468	0.23348	0.60074	0.82146	0.28307
1.0097	0.21683	0.67431	0.76281	0.17745
0.98913	0.31683	0.71296	0.59726	0.16126
0.96094	0.31728	0.4365	0.46664	2.36e-05
1.0319	0.23857	0.40092	0.45895	0.0004472
1.1704	0.21395	0.32379	0.43094	0.0014077
1.1128	0.02099	0.529	0.91417	0.16547
0.92426	0.010304	0.4461	0.9397	0.19795
0.94889	0.018305	0.63025	0.84889	0.14781
1.1225	0	0.34191	0.84687	0.0005426
0.98135	0	0.40395	1.1235	0.0001888
0.9931	0	0.53881	1.0753	0.003815
1.0474	0.46727	1.0665	0.80413	0.97232
0.31599	0.092897	0.88478	0.92212	0.87861
0.35262	0.1463	0.99261	0.75364	0.83549
0.52665	0.096428	1.1025	1.0875	1.0316
1.0149	0.49087	1.1578	0.85139	0.90467
0.2174	0.5186	0.43276	0.96211	0.8665
0.023864	0.54499	0.23798	0.84681	0.761
0.000701	0.2922	0.2435	0.92967	1.0334
0	0.64568	0.23126	1.14	0.83359
0	0.62672	0.17089	0.80841	0.69664
0	0.41929	0.35721	0.87997	0.85972
1.0105	0.57548	1.0766	0.77409	0.82698
1.018	0.4277	0.818	0.70106	1.2374
0.83644	0.29915	0.94332	0.66098	0.90597
0.8543	0.31296	0.92765	0.88026	1.034
0.67135	0.26604	1.0248	0.7127	1.0021
0.72617	0.44721	0.85969	0.99001	1.007
0.70992	0.32081	0.90688	0.82509	0.80917
0.77174	0.29161	0.63411	0.88415	1.0197
0.95176	0.45346	1.1421	0.83924	1.0456
1.0442	0.56678	1.1316	0.80399	0.77997
0.99238	0.3595	0.86326	0.80886	1.073
0.90803	0.2994	0.92019	0.88784	0.85133
0.83377	0.24626	0.96045	0.76096	0.97144
0.90337	0.19904	0.84088	0.69451	1.0034
0.8097	0.33252	0.83913	0.80524	0.77425
1.0075	0.29921	1.0398	0.76069	0.91503
1.0528	0.50983	1.0403	0.73197	0.93045
0.8753	0.48853	0.97548	0.87509	0.96766
0.94015	0.29316	0.85067	0.95545	1.0453
0.98474	0.41743	0.98362	0.7197	0.94027
1.005	0.36724	0.72023	0.84628	1.1413
0.85908	0.27108	0.86881	0.89255	0.94241
0.86516	0.36042	0.95699	1.1052	0.80794
0.88228	0.32215	0.84781	0.98864	0.93941
1.1001	0.50428	0.98652	0.79527	1.1045
0.92317	0.52071	0.97294	0.75527	1.2048
1.0116	0.61782	0.91154	0.80126	1.0017
0.93578	0.50421	0.95426	0.81064	0.95849
0.90524	0.46525	0.98684	0.8227	1.1801
0.94444	0.50497	0.96652	0.56636	0.86493
0.84212	0.50987	1.1453	0.76979	1.0821
0.81538	0.50959	0.91695	0.70437	0.97757
0.98859	0.41623	1.3078	0.57896	1.1185
0.75518	0.47274	1.2289	0.43249	1.0284
0.97088	0.38585	0.90779	0.71343	0.8899
0.90586	0.30901	0.94095	1.0365	1.0435
0.9453	0.54972	0.96994	0.7058	0.8954
1.0249	0.39697	0.97686	0.81067	1.027
0.46929	0.4825	0.6983	0.68256	0.4033
0.71525	0.54078	0.69275	0.75495	0.55978
0.057639	0.53568	0.17163	0.55769	0.14993
0.073241	0.46358	0.16083	0.68163	0.1851
0.0060077	0.88804	0.056718	0.44303	0.090414
0.0014571	0.74793	0.06365	0.30012	0.1049
0.0059206	0.79099	0.081124	0.46692	0.13334
1.0752	0.53988	1.0354	0.87254	1.1073
0.93184	0.48797	1.1352	0.88182	0.96488
1.1431	0.39556	1.032	0.59463	0.81838
1.0344	0.52225	0.95795	0.79552	1.0676
1.2	0.43408	1.0487	0.66062	1.0326
0.87273	0.56983	1.0566	0.73437	1.0539
0.87984	0.38996	1.0236	0.45248	1.0416
0.95755	0.45584	1.1171	0.58486	1.1593
0.7419	0.45913	1.0262	0.53118	1.0962
1.0446	0.52182	0.95927	0.82331	0.9005
1.0768	0.39773	0.97052	0.81061	0.99956
1.0369	0.45981	1.0445	0.86033	0.93335
0.68151	0.53161	0.81109	0.9348	0.81702
0.95204	0.48895	0.7152	0.89342	1.0055
0.79276	0.55979	0.91538	0.68322	1.0171
0.55987	0.40373	0.6845	0.50841	0.72542
0.64026	0.41529	0.75968	0.54661	0.69358
0.55426	0.58915	0.91111	0.56262	0.7965
0.48274	0.52429	0.83133	0.46154	0.84827
0.63328	0.67035	0.66298	0.5545	0.68582
0.61809	0.66679	0.8926	0.566	0.78564
0.50596	0.52468	0.77343	0.58133	0.74076
1.117	0.41222	0.99979	0.68201	1.236
1.0297	0.22034	1.1592	0.77879	1.0156
1.0934	0.2609	1.0872	0.72486	0.87087
1.1684	0.23542	0.96181	0.54257	0.99605
0.99496	0.15864	1.0526	0.9494	0.76945
1.0194	0.24511	0.85792	1.1044	0.9438
1.2127	0.21528	0.93272	1.0601	1.0288
0.93652	0.20853	1.0761	0.89349	0.93303
0.98669	0.19715	1.0742	0.63813	0.9954
1.0628	0.14882	0.97006	0.4463	1.0283
0.99256	0.53709	1.0585	0.76711	1.0167
0.823	0.38321	0.97301	0.91226	1.0107
0.76876	0.33711	1.0808	0.9256	0.99122
0.83254	0.32199	0.95282	0.6719	0.35896
0.65181	0.35059	1.1485	0.29156	0.43237
0.090439	0.38599	0.9101	0.79935	0.99978
0.018549	0.28868	0.98009	0.42147	1.0432
0.75767	0.44799	0.91476	0.99722	0.31285
0.70419	0.3936	1.0333	0.93012	0.2663
0.09643	0.42438	0.929	1.1106	0.95902
0.0028244	0.35322	1.1159	0.95855	1.071
0.71354	0.49331	1.0262	0.71596	0.86758
0.8897	0.54985	0.87998	0.80194	0.87687
0.75023	0.43595	1.0291	0.80249	0.75443
0.60159	0.6018	1.1761	0.76407	0.87397
0.55166	0.56844	0.20832	0.45535	0.057592
0.77042	0.58315	0.048935	0.066848	0.010969
0.09144	0.6267	0.15542	0.49188	0.071852
0.0089045	0.63071	0.11937	0.10496	0.0075157
0.074119	0.42392	0.13402	0.38868	0.091625
0.0030024	0.70415	0.088267	0.059968	0.0039949
1.0497	0.48544	1.0043	0.74346	0.98278
0.11503	0.51651	0.91876	0.52253	0.1091
0.021316	0.59551	1.0372	0.32239	0.0046584
0.90201	0.49512	0.94473	0.82116	1.0375
1.0541	0.56233	1.0131	0.86575	0.81747
0.95823	0.54888	0.98049	0.95328	1.0054
1.2105	0.59133	0.86193	0.78285	0.72588
1.0586	0.46633	1.1995	0.84084	0.92068
1.1767	0.39893	0.92007	0.67799	0.902
1.0536	0.65778	0.87099	0.55021	0.92944
0.898	0.57643	1.0227	0.71677	1.1024
1.0576	0.41981	0.96188	0.74673	0.95039
0.90679	0.4351	1.0351	0.70827	0.90413
1.0705	0.52769	1.0249	0.92781	0.97351
1.0225	0.46011	1.0025	0.71306	1.1686
0.94807	0.38739	1.0066	1.1696	0.9556
1.0617	0.46187	1.0458	1.065	1.1127
0.94708	0.64037	1.165	0.8676	0.98559
0.94692	0.48434	0.85567	0.85802	0.90617
0.8748	0.43354	1.0266	0.77796	0.98762
0.8858	0.30488	1.142	0.94704	0.91246
1.0904	0.33744	0.87628	0.73937	1.0247
0.8307	0.34213	0.97578	0.78468	1.0601
1.0539	0.50487	0.89107	0.92553	0.90393
1.0101	0.41824	0.91253	0.94087	1.1939
0.80073	0.47631	1.0874	0.85447	0.82885
0.95766	0.30681	1.0547	0.88227	0.92122
1.0851	0.34143	0.93824	1.0584	0.94721
0.91311	0.46399	1.0307	0.78597	0.76692
1.0358	0.36827	1.0269	0.78268	0.87873
1.0938	0.56158	0.95392	0.77807	0.83385
0.93689	0.48818	1.0656	0.42485	1.194
0.98839	0.48378	0.83901	0.51013	0.92052
1.144	0.46775	0.95487	1.1199	0.85311
1.1027	0.080605	1.0063	0.84429	1.051
1.1314	0.3191	0.85393	0.31226	0.20837
1.0489	0.59321	1.0166	0.31169	1.0468
1.1451	1.0005	0.9449	0.40279	1.0757
1.0253	0.41713	1.1074	0.85261	1.1381
0.35295	0.47634	0.94315	0.85033	0.96724
0.32255	0.76007	0.82086	0.47819	0.99813
0.33803	0.54869	0.95907	0.88065	0.90119
0.39373	0.60973	0.81967	1.2025	0.88921
0.31921	0.36608	0.9032	1.0031	0.9486
0.26809	0.57033	1.0557	1.2144	1.0972
1.0431	0.46331	1.2016	0.74377	0.90418
0.93441	0.27205	0.90073	0.98101	0.77794
0.97372	0.23102	1.2514	0.75048	0.94024
0.91567	0.23035	1.2794	0.65185	0.61642
0.95626	0.49327	0.92316	0.78577	1.111
0.79602	0.028513	1.0518	0.81379	0.69149
1.0702	0.0004222	0.99443	0.81947	0.67669
1.1273	0	1.0002	0.75718	0.65651
1.0351	0.50023	1.0956	0.81638	1.1314
1.0316	0.022779	1.0413	0.64964	0.75283
0.89764	0.0069372	1.0907	0.74727	0.62329
0.93229	0	0.9457	0.79733	0.93925
0.95298	0.40454	1.1302	0.88025	1.0729
0.45249	0.31027	0.89061	0.77623	0.13845
0.37661	0.33944	1.1344	0.48222	0.019544
0.25858	0.3581	1.0959	0.43456	0
1.1524	0.54528	0.78185	0.87954	0.82317
0.81418	0.72874	0.79275	0.6764	1.1142
0.97108	0.63647	0.70258	0.62897	0.97279
0.13621	0.39486	0.61419	0.68436	0.85993
0.058966	0.48931	0.86165	0.60781	1.0512
0.11571	0.65406	0.71861	0.50752	1.0954
1.0261	0.46953	0.91829	0.77081	0.90456
0.67518	0.31205	0.81488	0.79798	0.78834
0.6499	0.29338	0.74768	0.85464	0.59091
0.59644	0.26705	0.6622	0.71569	0.82405
0.80959	0.27551	0.86075	0.64552	0.7461
0.68654	0.25482	0.77358	0.5458	0.67785
0.65276	0.2598	0.69257	0.3613	0.62201
0.72211	0.41777	0.98768	0.70251	0.70426
0.56135	0.37054	0.86868	0.75208	0.7786
0.67947	0.56252	0.74218	0.74519	0.70547
0.72078	0.0061593	0.73311	0.66198	0.76226
0.60454	0.000804	0.6947	0.71864	0.63689
0.50881	0	0.71348	0.8578	0.64856
0.66795	0.36305	0.75889	0.78279	0.7666
0.68147	0.38475	0.8422	0.9376	0.72649
0.62967	0.32008	0.68839	0.77294	0.65577
0.87139	0.48176	0.98566	0.62052	0.80308
1.0706	0.61189	0.95417	0.37343	1.0023
1.0157	0.42215	1.0483	0.70676	0.93377
0.9134	0.04139	0.95034	0.59325	0.93992
0.99238	0.0064694	1.0732	0.48888	0.94172
0.93698	0.48354	1.0207	0.85347	0.97777
0.91445	0.39192	1.1533	0.77378	0.13506
0.97326	0.46556	1.101	0.45295	0.0045629
1.1951	0.45524	1.1123	0.90478	1.0795
0.94313	0.41779	1.0658	0.74548	0.9419
0.87631	0.48697	0.97132	0.71769	0.92978
1.0041	0.21261	0.77195	0.64304	0.94456
0.98185	0.21428	1.1608	0.80577	1.0871
0.90609	0.23872	1.256	0.51158	0.9408
0.98389	0.5155	1.0857	0.44519	1.011
1.0114	0.65038	1.0703	0.38507	0.98718
1.1524	0.54087	1.0173	0.54165	1.17
0.88427	0.2383	0.26759	0.60649	0.42485
1.0003	0.43836	0.24341	0.7342	0.38171
1.0212	0.36451	0.21863	0.64442	0.34257
1.11	0.76042	0.0022178	0.74199	0.19959
1.1067	0.62947	0.016282	0.59294	0.14427
1.1339	0.69272	0.0068091	0.70055	0.18101
0.93392	0.44442	0.88343	0.81607	0.97414
0.91544	0.50533	0.97845	1.0526	0.9888
0.97734	0.5141	0.98559	0.78236	0.99123
1.1394	0.42414	1.0236	0.78298	0.93457
1.0603	0.49138	1.0029	0.96127	1.0654
1.0104	0.019577	1.0068	1.0148	1.0607
1.0631	0.005296	0.81762	1.0996	1.3238
0.87149	0.011183	0.8899	0.90456	1.1347
1.1727	0	1.0867	0.93376	0.897
1.0059	0	0.83945	1.0057	1.0598
0.86826	0	1.2336	0.88955	1.0899
0.97737	0.0093425	0.25962	1.156	0.3644
0.85786	0.01355	0.25308	0.96505	0.43586
0.90938	0.004447	0.29923	0.99038	0.32188
1.1196	0	0.010474	1.2768	0.18047
0.98094	0	0.0056082	0.90816	0.16379
1.1602	0	0.014696	0.91813	0.15474
1.0416	0.49337	0.93425	0.78979	0.90934
1.023	0.39	0.83286	0.76791	1.031
1.0462	0.45883	1.1368	0.72016	0.85625
0.63783	0.41298	0.90223	0.83291	0.86489
0.93592	0.34762	1.3609	0.64857	0.89009
0.95356	0.50343	0.99277	0.77293	0.93665
0.88421	0.60439	1.0936	0.80628	1.0742
1.0428	0.22212	0.99027	0.84932	0.67239
1.0037	0.20321	0.94363	0.76852	0.73639
0.95157	0.14607	1.1085	0.88838	1.0111
0.9661	0.18715	1.067	0.76981	1.1267
1.0031	0.39968	0.75811	0.50199	0.96564
1.1963	0.28084	0.8743	0.3577	1.0152
0.87225	0.48607	0.82228	0.42096	1.0531
0.94306	0.59876	1.0014	0.63495	0.76345
0.83212	0.75195	0.80207	0.64267	1.0448
0.87091	0.65268	1.1853	0.43658	0.59
0.80437	0.57565	1.0857	0.54753	0.48969
1.0896	0.54994	0.99473	0.44559	0.47493
0.90536	0.56414	1.0105	0.50362	0.72344
0.84686	0.7126	0.91317	0.44421	0.6743
0.84269	0.46152	1.0942	0.47357	0.47975
0.88244	0.48619	0.92455	0.59107	0.54997
1.0683	0.39186	0.7813	0.46638	1.0457
1.1164	0.32937	0.67351	0.3614	1.0367
1.1828	0.30614	0.61567	0.4006	0.94173
0.86927	0.45888	0.62403	0.65025	0.96703
1.0256	0.41158	0.75271	0.44199	1.1259
0.90005	0.4241	0.65503	0.38879	0.97328
0.48193	0.4768	1.0044	0.38434	0.90233
0.45363	0.52729	0.98797	0.54422	1.1041
0.44998	0.49153	1.0432	0.41466	0.97983
0.36229	0.5092	0.9427	0.66634	0.91049
0.45685	0.43664	0.91251	0.89168	0.981
0.61808	0.54046	1.0254	0.70271	1.0407
0.42581	0.39518	1.0931	0.46734	0.97175
0.64276	0.46876	1.1965	0.38402	0.98531
0.41846	0.54161	1.1991	0.47354	0.9517
0.34983	0.5765	1.1097	0.38999	0.93987
0.47612	0.44384	0.86306	0.45777	0.89502
0.56188	0.52352	1.1497	0.38744	0.97641
0.55477	0.42693	1.1689	0.52951	1.0137
0.40227	0.53437	1.0385	0.43097	0.9517
0.42446	0.39633	0.99007	0.48942	0.91037
0.38105	0.56137	0.94049	0.46447	1.089
0.51759	0.50757	1.0722	0.38969	1.0839
0.37891	0.40298	1.0532	0.4467	1.0281
0.43923	0.37705	1.019	0.47498	0.85752
0.38585	0.44397	0.88991	0.63663	1.2566
0.46617	0.42496	1.0572	0.40038	0.94909
0.50719	0.54642	1.1484	0.51873	0.99117
0.86417	0.31994	0.79828	0.6975	0.72581
0.95398	0.47528	0.89129	0.64503	0.71903
0.8357	0.40924	0.73335	0.54525	0.64601
0.96077	0.3459	0.73123	0.55708	0.62299
0.91879	0.45489	1.1215	0.45216	0.69595
0.93221	0.38739	0.91518	0.51397	0.7477
0.86393	0.44321	0.88791	0.50987	0.90054
0.77234	0.30575	0.85476	0.5037	0.56194
0.77695	0.32128	1.0375	0.48213	0.78088
0.76178	0.39615	1.1703	0.43054	0.91022
0.84216	0.29604	1.0527	0.57898	0.84464
0.72896	0.33502	1.0065	0.64849	0.99827
0.58682	0.37	1.1474	0.62855	0.99098
0.65511	0.41145	0.95709	0.63766	1.0743
0.63167	0.42798	0.98335	0.78005	1.0364
1.093	0.41457	0.90983	0.59706	1.0752
1.0419	0.57372	0.64245	0.55773	0.99773
0.85902	0.47385	0.71246	0.43894	0.9262
1.0274	0.32297	1.1774	0.74897	1.0267
0.95853	0.46113	0.98878	0.66182	1.0796
1.1607	0.37242	1.0081	0.65276	0.96545
0.97745	0.3439	0.97069	0.7	0.97799
0.95606	0.40506	0.98698	0.84243	1.1838
1.1239	0.53886	1.0651	0.81656	1.073
0.92403	0.47471	0.99858	0.8138	0.98341
1.2982	0.42525	0.94282	0.65479	1.1567
0.8898	0.34344	0.94762	0.69437	1.1032
1.0805	0.34405	1.0043	0.73459	0.96023
0.79572	0.39706	0.90126	0.70569	1.073
0.99146	0.34635	0.80043	0.65289	0.89372
1.0914	0.32266	1.1104	0.66895	0.91104
0.97136	0.26685	1.1586	0.60035	0.8961
1.0356	0.38793	0.90404	0.75508	0.84957
1.1881	0.47623	0.80593	0.5065	1.1043
0.96913	0.3962	0.91274	0.43019	0.88295
1.0989	0.37506	0.95535	0.88905	0.86111
1.1303	0.44969	0.91875	0.75316	0.95086
0.95766	0.42497	0.94262	0.701	1.1844
0.96573	0.34899	1.0356	0.96023	1.1792
1.058	0.39955	1.0153	0.77557	1.0665
0.99261	0.53442	1.0003	0.87362	1.0809
0.99464	0.48372	0.83319	0.68064	1.0037
1.1535	0.22169	0.80577	0.6046	0.5089
1.1719	0.20727	0.73809	0.59792	0.64666
1.0314	0.77998	0.93631	0.52494	1.0585
1.0551	0.6295	0.92709	0.56684	1.0731
0.95838	0.8597	0.86223	0.38309	0.58696
0.82528	0.63463	0.98601	0.37055	0.69815
0.58837	0.1134	0.64457	0.84269	0.75361
0.70759	0.21965	0.60346	0.88385	0.9203
0.74221	0.25374	0.55	1.0007	1.042
0.65947	0.2559	0.81741	0.93517	0.76537
0.57882	0.19849	0.74074	1.0348	0.90571
0.61048	0.42621	0.73849	0.77261	1.0246
0.56677	0.28606	0.71527	0.5565	0.90934
0.51977	0.25508	0.69842	0.55074	0.86018
0.68911	0.15262	0.66782	0.96851	0.83839
0.60816	0.16359	0.70325	0.76396	0.78467
0.51581	0.16212	0.63172	1.0391	0.80962
0.76038	0.22138	0.62795	0.66625	0.80981
0.59344	0.15041	0.61165	1.0491	0.7903
0.84047	0.28657	0.49712	0.87949	0.91782
0.85017	0.3859	0.57707	0.87968	0.91066
0.70903	0.291	0.47157	0.65557	1.0065
0.8396	0.29197	0.39482	0.81293	1.0035
0.83903	0.25631	0.45756	0.75989	0.96186
0.73276	0.30143	0.4975	0.74604	1.063
0.97831	0.40585	0.97398	0.85502	0.78503
1.1646	0.42067	1.0534	0.8293	0.68806
1.084	0.62684	0.8123	0.85632	0.72166
0.97788	0.52269	0.87957	0.6993	0.8068
1.2023	0.2394	0.90253	0.78136	1.0025
1.2021	0.11197	1.0499	0.64655	0.99271
0.94648	0.16306	1.0592	0.95762	0.95051
1.0057	0.12479	1.0311	0.28147	1.0781
0.97412	0.15295	1.0681	0.19835	1.1049
0.89893	0.1532	0.99578	0.34259	0.90186
0.87546	0.13427	1.1594	0.40148	0.92684
1.0707	0.61168	0.68386	0.44354	0.94134
0.9518	0.52146	0.80013	0.29541	1.0638
1.047	0.64832	0.57146	0.4458	0.93339
0.91815	0.65074	0.56028	0.25896	1.0664
1.0574	0.6002	0.40002	0.4184	1.1762
0.82676	0.54123	0.68319	0.3518	1.064
1.055	0.50326	0.92537	0.46648	0.94682
1.0352	0.52973	1.0908	0.34151	0.83525
1.1103	0.4498	1.1557	0.44927	0.94321
1.2061	0.53301	0.91016	0.47008	0.93118
0.97261	0.49535	0.78525	0.56077	1.0701
0.9741	0.40421	0.75319	0.49724	0.95346
0.98779	0.4952	0.92466	0.55644	0.92526
1.0246	0.48909	0.86129	0.67607	0.95445
0.92679	0.51445	1.0387	0.51124	0.85585
1.1019	0.41119	0.96754	0.37513	0.92205
1.1869	0.5199	1.0049	0.52656	0.75322
1.0524	0.55036	0.73475	0.50622	0.81152
0.97998	0.41077	0.95465	0.52928	0.87966
1.0897	0.44087	0.817	0.47382	0.95646
1.0041	0.54338	0.71478	0.46671	0.93836
0.90258	0.49725	0.84427	0.55273	0.88638
1.02	0.48261	0.83836	0.558	0.9364
1.142	0.57469	0.97091	0.40104	0.87386
0.93825	0.52617	0.85431	0.41921	0.73482
0.9918	0.49134	0.76614	0.52929	0.8453
1.0185	0.4742	0.90575	0.43306	0.97283
0.65282	0.52436	0.83468	0.837	0.89674
0.85291	0.45358	0.79856	0.72841	1.0251
0.56349	0.50399	0.81741	0.80549	0.93752
0.80641	0.42221	0.95671	0.67163	0.85732
0.92178	0.37649	0.94137	0.66232	1.057
0.89281	0.61818	0.78219	0.49508	0
1.0428	0.5055	1.2956	0.44467	1.0488
0.95111	0.54045	0.98523	0.33541	1.1858
1.0483	0.41451	1.0814	0.40197	1.0708
0.86723	0.55218	0.93959	0.35264	0.97322
1.0932	0.49727	1.0967	0.49914	0.91509
1.1042	0.56949	0.97116	0.46706	0.9846
0.85459	0.30525	1.0659	0.76415	0.70407
0.89302	0.29152	0.93163	0.69993	0.61802
1.0133	0.53773	0.86131	0.66304	0.83986
1.0085	0.70511	0.94905	0.90587	0.99556
1.0685	0.49149	0.78435	0.6636	0.78785
0.86822	0.65386	0.91995	0.58878	0.88565
1.0778	0.65079	1.0429	0.71758	0.93351
0.94493	0.63839	1.0795	0.67651	1.1347
1.1832	0.5516	0.90415	0.50243	0.86705
0.94877	0.77936	1.1296	0.61856	0.95036
1.1687	0.76682	1.0552	0.67288	1.011
0.94829	0.62578	1.0385	0.68665	1.0655
0.61142	0.92839	0.93924	0.65213	0.95835
0.7205	0.94857	0.96784	0.79139	1.0374
0.78488	1.0737	1.0276	0.60678	0.97229
0.55207	0.72625	1.0665	0.73966	0.94797
0.70389	1.0857	1.117	0.63843	1.1315
0.67979	0.7086	0.98433	0.64413	0.97525
0.96329	0.70815	0.87553	0.87802	0.96342
0.76446	0.77959	0.98517	0.67628	0.83364
0.75015	0.78773	1.09	0.72308	0.98515
0.94809	0.82857	0.88917	1.0688	1.0081
0.78491	0.72227	0.77296	0.98627	0.71451
0.7556	0.81894	0.92402	0.82366	0.87091
0.81205	0.83011	0.85222	0.90232	0.97759
1.0213	0.37882	0.92616	1.0591	0.92787
1.0291	0.26364	0.83398	1.1052	0.91377
0.9535	0.22206	1.0296	1.008	1.1184
0.9274	0.27006	1.1729	1.0356	1.0458
0.9673	0.26627	1.0726	0.84276	0.88037
1.0807	0.32255	1.1289	1.0629	0.9569
1.0294	0.38887	0.67778	0.80806	0.85665
0.92439	0.22133	0.60053	0.63017	0.74296
1.0986	0.29717	0.61945	0.89212	0.8713
0.95269	0.28591	0.44798	0.79852	0.82637
1.0272	0.29598	0.53404	0.70901	0.78525
1.0294	0.28443	0.30092	0.7056	0.89513
1.0199	0.35714	0.37216	0.76605	0.77823
1.0518	0.53957	0.42549	0.57933	0.94313
0.84945	0.33978	0.27683	0.72268	0.85307
0.87865	0.4927	0.30029	0.89094	0.93366
1.116	0.37299	0.32996	0.89532	0.86643
0.91911	0.51246	0.97287	0.80758	1.1149
0.88208	0.40754	1.0787	0.77124	1.191
1.0211	0.42245	1.019	0.82701	1.0515
0.94472	0.4302	0.39961	0.6792	0.98007
1.1567	0.37602	0.48458	0.64072	0.7833
0.799	0.41781	0.49145	0.84541	0.75473
0.85927	0.69601	1.0458	0.86487	1.002
1.0025	0.52753	1.0532	0.66857	0.97901
0.8928	0.52383	0.98697	0.90999	0.88742
0.96938	0.75046	1.0392	0.79109	0.92984
0.93391	0.73343	1.1994	0.87353	1.012
1.0019	0.517	1.0204	0.76537	1.0766
0.89215	0.60333	1.0956	0.84113	1.226
0.87468	0.64463	0.83986	0.88078	0.9788
0.72564	0.51747	1.0612	0.90189	0.99114
1.0058	0.71258	0.92332	0.76357	0.91061
0.90481	0.62306	0.93276	0.83079	0.85647
1.0968	0.58592	0.95478	0.80865	0.84234
0.89731	0.58487	1.099	0.82291	0.92091
0.84815	0.59437	1.0261	0.77807	0.88677
0.80583	0.69642	0.86378	0.68932	1.0364
0.9964	0.69216	1.1093	0.77971	1.0686
0.84425	0.55518	1.2568	0.77709	0.89296
0.7949	0.48912	0.97663	0.89719	1.0337
1.0312	0.4678	1.0223	0.87844	1.0369
0.86649	0.52337	1.1082	0.83461	1.0373
0.90184	0.59419	0.8787	0.83531	1.0181
0.95568	0.61776	0.96668	0.85984	0.94789
1.0993	0.66027	0.87128	0.80129	1.0988
0.94122	0.59187	0.91787	0.74315	0.91567
0.90431	0.18411	1.0998	1.0939	0.79687
1.0456	0.1914	0.86379	0.8532	0.68645
0.98963	0.19836	0.85868	0.9542	0.86095
0.93242	0.2462	0.86931	0.93911	0.73201
0.96474	0.11286	0.96125	0.97459	0.60933
1.0657	0.13788	0.87142	1.0104	0.84644
0.77578	0.42433	0.98583	0.43675	0.68989
0.70964	0.45737	0.98646	0.43968	0.66644
0.72848	0.35426	1.1457	0.55147	0.66088
0.60611	0.56957	1.118	0.45662	0.67232
0.61925	0.43186	1.1216	0.44386	0.7219
0.6083	0.33358	0.96365	0.47128	0.77624
0.68044	0.3774	1.1019	0.52373	0.80382
0.72094	0.33533	0.87483	0.54444	0.69331
0.73256	0.34938	1.0634	0.39348	0.70479
0.63874	0.40079	0.81821	0.47468	0.62583
0.63789	0.41152	1.184	0.51638	0.73583
0.67062	0.33849	1.0726	0.50508	0.66945
0.82236	0.22159	0.85255	0.79491	1.1864
1.0375	0.20197	0.80794	0.98739	1.2364
0.90034	0.20332	0.72955	0.89732	1.2189
1.0951	0.23629	0.70203	0.93372	1.1153
0.91184	0.12254	0.8841	1.114	1.0249
1.3541	0.15152	0.92214	0.84143	0.99393
0.90317	0.15241	0.75666	0.70352	1.244
1.0132	0.12986	0.82389	0.65702	0.97385
1.0788	0.18316	0.93583	0.89297	1.0901
0.97468	0.074501	0.8753	0.68832	1.045
1.0191	0.17692	0.90444	0.7927	0.81402
0.81431	0.27543	0.79987	0.96858	1.003
1.0032	0.1893	0.9953	0.72508	1.0785
1.0012	0.11944	0.85412	0.73498	0.93097
1.0412	0.18178	0.7932	0.68638	0.96536
1.0149	0.10897	0.85979	0.86761	1.0911
0.67644	0.51426	1.1198	0.68434	0.9345
0.74419	0.37592	0.43514	0.11657	0.80755
0.84324	0.34597	0.37628	0.17529	0.8432
0.78286	0.66346	0.91365	0.20737	0.82471
0.85022	0.62016	1.1101	0.15107	0.85304
0.94601	0.24024	1.2059	0.45649	1.0247
0.89094	0.20372	0.92743	0.44445	1.0422
1.081	0.21743	1.0976	0.48835	1.0555
0.78849	0.20932	1.1124	0.059694	0.99464
1.1136	0.19172	0.98563	0.085292	1.0365
0.95999	0.22092	0.98683	0.11927	1.0176
0.89267	0.21353	1.0701	0.3696	1.1067
0.9196	0.1798	1.0521	0.42749	0.97651
1.0172	0.20411	0.99943	0.37238	0.86554
0.99228	0.24066	0.89957	0.19491	1.0969
0.89205	0.17084	1.1088	0.29907	1.1505
0.94904	0.29312	0.96827	0.21063	0.9533
1.0519	0.39231	0.82331	0.79945	1.1191
1.2127	0.34016	0.35282	0.43996	1.0591
1.098	0.83057	0.87527	0.88813	1.0852
1.1305	0.45209	0.95834	0.94038	1.1205
1.0539	0.4797	0.95245	0.88258	1.0386
0.87976	0.44275	1.1791	0.91448	0.76727
1.1205	0.43556	1.1539	0.93143	0.92669
0.82683	0.37533	0.84418	0.90998	0.83508
1.1143	0.48964	1.0386	0.81996	0.96609
0.8799	0.18234	1.0758	0.88932	0.9748
0.98873	0.32463	0.88617	0.8159	0.9906
0.9417	0.1841	1.1008	0.93365	1.095
1.064	0.29116	1.0645	0.97644	0.88968
0.97492	0.50446	0.96306	0.76933	1.0165
1.2707	0.4449	1.0051	0.94217	0.95392
1.0645	0.40835	1.0647	1.0012	0.86977
0.95636	0.54995	0.92238	0.84609	0.87328
0.83151	0.29959	1.1796	0.91673	0.94063
1.0413	0.51925	1.0124	0.80708	0.9765
0.58912	0.40358	1.027	0.78462	0.39944
0.35817	0.44967	0.9581	0.82508	0.33163
0.36632	0.67769	0.93547	0.80866	0.29769
0.34313	0.60323	0.84573	0.65609	0.42157
0.98037	0.39883	1.0017	0.68874	1.079
0.87035	0.18078	0.92842	0.85364	1.0926
1.0694	0.11542	1.0674	0.87244	0.95998
0.92416	0.13291	0.89358	1.0018	1.0446
1.0218	0.17084	0.91628	0.92403	1.301
1.0142	0.48067	1.0759	0.90327	1.1817
0.4413	0.42935	0.8801	0.82809	0.54733
0.30097	0.44231	0.90411	0.85629	0.19855
0.23543	0.61295	1.1623	0.60896	0.30583
0.3254	0.79945	1.0426	0.73438	0.38119
0.98793	0.56383	1.0593	0.84221	0.95444
0.88901	0.46697	0.8456	0.73514	1.5789
0.87487	0.45434	0.99197	0.50074	1.8032
0.80939	0.48557	0.93373	0.51194	1.8816
0.91247	0.49006	0.97846	0.82715	0.80985
0.98188	0.57107	1.1448	0.85101	1.1065
0.24719	0.41081	1.1344	0.54144	0.2176
0.16381	0.57851	1.144	0.73908	0.18855
0.073545	0.59556	1.0274	0.39416	0.010121
0.039648	0.59079	1.1036	0.40795	0.014185
0.0033621	0.76154	1.1371	0.32824	0.0058982
0.023307	0.66418	0.96767	0.34928	0.0046915
0.94872	0.54446	0.96048	0.81187	1.0758
0.8815	0.13824	1.0394	0.74431	0.59004
1.015	0.084551	0.76152	0.33635	0.46389
0.88845	0.38125	0.45412	0.83262	0.98696
1.0099	0.3612	0.013459	0.48971	1.0167
0.97347	0.47901	0.78071	0.7932	1.0535
1.0029	0.43647	0.48598	0.73537	0.96309
1.0747	0.33219	0.00244	0.35697	0.98828
1.1527	0.15588	0.9481	0.83013	0.54816
0.95102	0.085064	0.86211	0.37369	0.43728
